cam1:
  cam_overlaps: [1]
  camera_model: pinhole
  distortion_coeffs: [-0.021871429666387786, 0.019803970270583126, 0.00130632659129119, 0.0069004218571755834]
  distortion_model: radtan
  intrinsics: [467.2020522605571, 466.2782295718398, 343.4849315140289, 253.62881250975332]
  resolution: [640, 480]
  rostopic: /usb_cam1/image_raw
cam0:
  T_cn_cnm1:
  - [0.999514064879222, 0.02754423346888854, -0.014592782847463195, -0.0641222589240643]
  - [-0.02711488424702732, 0.9992160603943891, 0.028845237079875935, 0.0007552206914427862]
  - [0.015375862931626478, -0.028435538548360582, 0.9994773649195764, 0.0019579355526451255]
  - [0.0, 0.0, 0.0, 1.0]
  cam_overlaps: [0]
  camera_model: pinhole
  distortion_coeffs: [-0.004524056254490998, -0.002002106190278546, 0.00041870692761177117, 0.0028541763980717647]
  distortion_model: radtan
  intrinsics: [470.276154190411, 470.14120816195737, 339.0366096173524, 226.5712663774546]
  resolution: [640, 480]
  rostopic: /usb_cam0/image_raw
